05 05 05 05 05 05 05 05 05 05 05 05 05 05 05 05 05 05 05 05 05 05 05 05 05 05
05 05 05 05 05 05 05 05 05 05 05 05 05 05 05 05 05 05 05 05 05 05 05 05 05 05
05 05 00 00 00 00 00 00 00 00 00 00 00 00 00 00 00 00 00 00 00 00 00 00 05 05
05 05 00 00 00 00 00 00 00 00 00 00 00 00 00 00 00 00 00 00 00 00 00 00 05 05
05 05 00 00 00 00 00 00 00 00 00 00 00 00 00 00 00 00 00 00 00 00 00 00 05 05
05 05 00 00 00 00 00 00 00 00 00 00 00 00 00 00 00 00 00 00 00 00 00 00 05 05
05 05 00 00 00 00 00 00 00 00 00 00 00 00 00 00 00 00 00 00 00 00 00 00 05 05
05 05 00 00 00 00 00 00 00 00 00 00 00 00 00 00 00 00 00 00 00 00 00 00 05 05
05 05 00 00 00 00 00 00 00 00 00 00 00 00 00 00 00 00 00 00 00 00 00 00 05 05
05 05 00 00 00 00 00 02 02 02 02 00 00 00 00 00 00 00 00 00 00 00 00 00 05 05
05 05 00 00 00 00 00 05 05 05 05 00 00 00 00 00 00 00 00 00 00 00 00 00 05 05
05 05 02 02 02 02 02 05 05 05 05 02 02 02 02 00 00 00 02 02 02 02 02 02 05 05
05 05 05 05 05 05 05 05 05 05 05 05 05 05 05 00 00 00 05 05 05 05 05 05 05 05
05 05 05 05 05 05 05 05 05 05 05 05 05 05 05 00 00 00 05 05 05 05 05 05 05 05
